578 460 458 457 992 991 990 989 988 987 986 985 984 983 982 981 980 979 978 44 455 454 452 451 937 936 935 934 933 932 931 930 929 928 927 926 925 515 514 513 512 511 510 185 459 420 1385 1384 1383 1491 1490 1489 1488 1487 292 291 290 289 288 287 286 285 188 284 283 281 280 279 278 277 276 275 806 805 804 803 802 134 575 574 573 1590 1589 1588 1587 1586 1585 1584 1583 1582 1581 1580 1579 1578 1102 1101 1100 1099 1098 1097 1095 1094 1093 1092 1091 1090 899 581 580 81 1139 1138 1137 1136 1135 1134 1133 1132 1131 295 294 230 1204 1325 1324 1323 964 963 962 961 960 959 958 957 955 954 953 123 956 243 745 456 225 296 70 579 231 1096 156 572 571 570 569 568 567 566 565 564 563 562 561 560 559 997 996 995 994 993 207 890 889 888 887 886 885 884 883 882 881 140 410 408 407 110 409 27 274 273 272 271 12 282 19 1382 1381 1380 1379 129 1302 1301 1300 1299 1298 1297 1296 1295 1294 1293 1292 1291 1290 1289 1288 695 694 693 692 691 690 689 688 687 197 686 124 1420 1419 1418 1417 1416 1415 1414 1413 61 1322 1321 1320 1319 1318 1317 1316 1315 1314 1313 1312 1311 1310 60 418 417 218 419 72 450 449 448 447 446 445 444 443 442 167 453 0 
1 
2 
344 343 342 341 3 
659 658 657 656 212 655 654 653 4 
5 
6 
1369 1368 1367 1366 1365 1364 7 
602 601 600 599 598 8 
652 651 650 649 648 647 646 645 644 9 
1480 1479 1478 1477 1476 1475 1474 1473 1471 118 1472 10 
727 11 
751 750 749 748 747 746 13 
824 14 
15 
16 
17 
18 
20 
21 
1088 1087 1086 1085 1084 1083 1082 1081 1080 1079 1078 1077 1076 1075 1074 1073 1072 1071 1070 22 
685 684 683 682 681 680 679 678 677 676 789 788 787 786 785 784 783 782 781 780 779 778 777 776 775 147 441 439 438 437 436 435 434 433 924 923 922 190 432 431 430 80 440 23 
24 
25 
1371 1370 26 
1287 28 
29 
30 
1250 1249 31 
32 
258 33 
34 
35 
629 628 627 626 625 624 36 
1284 37 
704 703 702 701 38 
1510 1509 1508 1507 1506 1505 1504 1503 1502 1501 1500 1499 1498 1497 1496 1495 1494 1493 1492 39 
40 
41 
42 
43 
45 
46 
1189 47 
1309 1308 1307 1306 1305 1304 1303 48 
1550 49 
50 
51 
52 
1569 1568 1567 53 
200 642 641 58 640 54 
55 
1574 1573 56 
57 
365 364 363 362 361 360 359 358 357 356 355 354 353 352 59 
1566 62 
63 
64 
1179 1178 1177 1176 1549 1548 1547 1546 1545 1544 1543 1542 1541 1540 1539 1538 1537 1536 1535 1534 1533 1532 1531 73 1175 1174 1173 1172 1171 1170 1169 65 
1213 66 
1004 1003 1002 1001 1000 999 998 67 
841 840 839 68 
406 405 404 403 402 401 69 
1035 1034 1033 1032 1031 1030 1029 1028 880 879 877 132 878 71 
1602 1601 74 
667 666 665 664 663 75 
534 533 76 
77 
1388 1387 1386 78 
79 
82 
1346 1345 1344 1343 1342 1341 1340 1339 1559 1558 1557 168 668 83 
84 
85 
86 
87 
876 1199 1198 1197 1196 1195 1194 1193 1192 1191 1190 424 423 422 181 346 145 421 242 875 874 873 872 871 870 1443 1442 1441 1440 1439 1438 1437 1436 1435 1434 1433 1432 1467 1466 1465 1464 1463 1462 1461 1460 1459 1458 1457 1456 1455 1454 1453 112 913 911 247 869 868 867 866 865 864 863 862 861 860 755 753 752 106 754 88 
1149 1148 1147 1146 1145 1144 1143 89 
504 503 502 501 500 499 498 497 496 495 494 493 492 491 490 489 488 487 486 485 90 
1512 91 
1530 1529 1528 1527 1526 1525 1524 1523 1522 1521 1520 1519 790 92 
1486 1485 1484 1483 1482 1481 93 
1114 1113 1112 1111 1110 1109 1108 1107 1106 1105 1104 1103 94 
807 95 
96 
97 
98 
858 857 856 855 854 853 852 851 850 849 848 847 846 845 844 843 842 99 
1185 100 
1452 101 
293 102 
103 
1518 1517 1516 1515 1514 1513 1412 1410 1409 1408 1407 1406 1405 233 1411 104 
270 269 268 267 266 265 264 263 262 261 260 105 
366 107 
108 
1207 1206 1205 109 
622 621 620 619 618 617 616 615 614 613 612 611 610 609 608 607 606 605 604 603 111 
1052 1051 1050 1049 1048 1047 1046 1045 1044 1043 1042 1041 1040 1039 1038 1037 1036 796 113 
823 822 820 126 821 114 
259 115 
116 
117 
322 321 320 319 318 317 316 315 314 313 312 311 310 309 308 119 
120 
597 596 595 594 593 592 591 590 589 588 587 586 585 584 583 582 121 
1283 1282 1281 1280 1279 1278 1277 1276 122 
125 
127 
484 483 482 481 480 479 478 128 
298 297 130 
131 
1275 1274 133 
135 
136 
257 256 255 254 137 
138 
139 
799 141 
950 949 948 947 946 945 944 943 942 941 940 939 142 
143 
744 743 742 741 740 739 738 737 736 735 734 733 1224 1223 1222 1221 1220 1219 1218 1217 1216 1215 1214 1026 234 732 731 730 729 728 144 
146 
507 506 505 148 
149 
150 
1203 1202 1201 1200 151 
152 
541 540 539 538 537 536 535 153 
154 
661 660 155 
157 
158 
1571 1570 159 
1363 1362 1361 1360 1359 1358 1357 1356 1355 1354 1353 1352 1351 160 
1168 1167 1166 1165 161 
162 
400 399 398 397 396 395 394 393 392 391 390 389 388 387 386 385 384 163 
164 
1259 1258 1257 1256 1255 1254 1253 1252 1251 165 
1554 1553 1552 1551 166 
169 
170 
1577 1576 1575 171 
172 
173 
174 
175 
176 
177 
178 
179 
180 
718 717 716 715 714 713 712 711 710 709 708 707 706 705 182 
183 
1130 184 
412 411 186 
187 
189 
1511 191 
1240 192 
193 
194 
195 
196 
919 918 917 916 915 914 198 
199 
1188 1187 1186 201 
202 
859 203 
1209 204 
1180 205 
477 476 475 474 473 472 471 470 469 468 467 466 465 464 463 462 461 206 
509 508 208 
209 
1142 1141 1140 210 
662 211 
213 
214 
827 826 215 
216 
643 217 
219 
520 519 518 517 516 220 
221 
557 556 555 554 553 552 551 550 549 548 547 546 545 544 543 542 222 
223 
224 
226 
772 771 770 769 768 767 766 765 764 763 762 761 760 759 758 757 756 724 227 
228 
229 
1164 1163 1162 1161 1160 1159 1158 1157 1156 1155 1154 1153 1152 1151 1150 232 
577 576 235 
236 
237 
238 
700 239 
1560 240 
1010 1009 1008 1007 1006 1005 241 
244 
245 
416 415 414 413 246 
699 698 697 696 248 
249 
250 
251 
1600 1599 1598 1597 1596 1595 1594 1593 1592 1591 252 
253 
299 
300 
301 
302 
303 
304 
305 
306 
307 
323 
324 
325 
326 
327 
328 
329 
330 
331 
332 
333 
334 
335 
336 
337 
338 
339 
340 
345 
347 
348 
349 
350 
351 
367 
368 
369 
370 
371 
372 
373 
374 
375 
376 
377 
378 
379 
380 
381 
382 
383 
425 
426 
427 
428 
429 
521 
522 
523 
524 
525 
526 
527 
528 
529 
530 
531 
532 
558 
623 
630 
631 
632 
633 
634 
635 
636 
637 
638 
639 
669 
670 
671 
672 
673 
674 
675 
719 
720 
721 
722 
723 
725 
726 
773 
774 
791 
792 
793 
794 
795 
797 
798 
800 
801 
808 
809 
810 
811 
812 
813 
814 
815 
816 
817 
818 
819 
825 
828 
829 
830 
831 
832 
833 
834 
835 
836 
837 
838 
891 
892 
893 
894 
895 
896 
897 
898 
900 
901 
902 
903 
904 
905 
906 
907 
908 
909 
910 
912 
920 
921 
938 
951 
952 
965 
966 
967 
968 
969 
970 
971 
972 
973 
974 
975 
976 
977 
1011 
1012 
1013 
1014 
1015 
1016 
1017 
1018 
1019 
1020 
1021 
1022 
1023 
1024 
1025 
1027 
1053 
1054 
1055 
1056 
1057 
1058 
1059 
1060 
1061 
1062 
1063 
1064 
1065 
1066 
1067 
1068 
1069 
1089 
1115 
1116 
1117 
1118 
1119 
1120 
1121 
1122 
1123 
1124 
1125 
1126 
1127 
1128 
1129 
1181 
1182 
1183 
1184 
1208 
1210 
1211 
1212 
1225 
1226 
1227 
1228 
1229 
1230 
1231 
1232 
1233 
1234 
1235 
1236 
1237 
1238 
1239 
1241 
1242 
1243 
1244 
1245 
1246 
1247 
1248 
1260 
1261 
1262 
1263 
1264 
1265 
1266 
1267 
1268 
1269 
1270 
1271 
1272 
1273 
1285 
1286 
1326 
1327 
1328 
1329 
1330 
1331 
1332 
1333 
1334 
1335 
1336 
1337 
1338 
1347 
1348 
1349 
1350 
1372 
1373 
1374 
1375 
1376 
1377 
1378 
1389 
1390 
1391 
1392 
1393 
1394 
1395 
1396 
1397 
1398 
1399 
1400 
1401 
1402 
1403 
1404 
1421 
1422 
1423 
1424 
1425 
1426 
1427 
1428 
1429 
1430 
1431 
1444 
1445 
1446 
1447 
1448 
1449 
1450 
1451 
1468 
1469 
1470 
1555 
1556 
1561 
1562 
1563 
1564 
1565 
1572 
1603 
1604 
1605 
1606 
1607 
1608 
1609 
1610 
1611 
1612 
1613 
1614 
1615 
